1582724977149 0.7319331169128418 0
1582724977275 0.3789229989051819 10
1582724977402 0.41065913438796997 20
1582724977529 0.4575777053833008 30
1582724977656 0.5137409567832947 40
1582724977783 0.4866846203804016 50
1582724977911 0.6156548261642456 60
1582724978038 0.43847158551216125 70
1582724978163 0.5830292701721191 80
1582724978288 0.40809762477874756 90
1582724978413 0.3283616006374359 100
1582724978538 0.3565949499607086 110
1582724978673 0.45920515060424805 120
1582724978809 0.4837968647480011 130
1582724978945 0.5203649401664734 140
1582724979082 0.601474940776825 150
1582724979220 0.602486252784729 160
1582724979355 0.6083527207374573 170
1582724979492 0.6346646547317505 180
1582724979634 0.5665982961654663 190
1582724979766 0.5182539820671082 200
1582724979890 0.6293379068374634 210
1582724980019 0.5994364023208618 220
1582724980146 0.5561858415603638 230
1582724980271 0.6026353240013123 240
1582724980397 0.5153316259384155 250
1582724980524 0.4988135099411011 260
1582724980652 0.5158849954605103 270
1582724980778 0.6199454665184021 280
1582724980904 0.5885692834854126 290
1582724981027 0.5497801303863525 300
1582724981152 0.5213996767997742 310
1582724981276 0.46070533990859985 320
1582724981398 0.4311426281929016 330
1582724981521 0.5993902087211609 340
1582724981644 0.4461938440799713 350
1582724981766 0.4192725718021393 360
1582724981890 0.591873049736023 370
1582724982013 0.4100126326084137 380
1582724982136 0.6452418565750122 390
1582724982258 0.49459215998649597 400
1582724982382 0.4842971861362457 410
1582724982505 0.49206653237342834 420
1582724982629 0.4942188858985901 430
1582724982751 0.48778200149536133 440
1582724982873 0.42879605293273926 450
1582724982996 0.445881724357605 460
1582724983122 0.4568389058113098 470
1582724983249 0.2956358790397644 480
1582724983372 0.43874305486679077 490
1582724983497 0.6005964875221252 500
1582724983624 0.4956202805042267 510
1582724983753 0.48539435863494873 520
1582724983879 0.4525516629219055 530
1582724984004 0.4807640314102173 540
1582724984128 0.7536110877990723 550
1582724984253 0.5297819972038269 560
1582724984378 0.44535666704177856 570
1582724984503 0.32789406180381775 580
1582724984629 0.3776858448982239 590
1582724984757 0.36444854736328125 600
1582724984882 0.4631873667240143 610
1582724985007 0.5358573794364929 620
1582724985130 0.6128249764442444 630
1582724985256 0.5629306435585022 640
1582724985383 0.6227415800094604 650
1582724985509 0.4257449805736542 660
1582724985636 0.546988844871521 670
1582724985760 0.4913366734981537 680
1582724985883 0.742814302444458 690
1582724986008 0.4189811944961548 700
1582724986135 0.696757972240448 710
1582724986264 0.365517795085907 720
1582724986390 0.352544903755188 730
1582724986514 0.284714013338089 740
1582724986641 0.4169534146785736 750
1582724986768 0.6082026362419128 760
1582724986894 0.5201199054718018 770
1582724987016 0.5668673515319824 780
1582724987139 0.525907039642334 790
1582724987266 0.3954157531261444 800
1582724987391 0.4019742012023926 810
1582724987516 0.44722020626068115 820
1582724987642 0.3792899549007416 830
1582724987766 0.2957078814506531 840
1582724987897 0.34236693382263184 850
1582724988025 0.48857808113098145 860
1582724988149 0.35630008578300476 870
1582724988271 0.3938513398170471 880
1582724988395 0.40535008907318115 890
1582724988518 0.34490662813186646 900
1582724988642 0.41121554374694824 910
1582724988765 0.31926223635673523 920
1582724988890 0.4319121241569519 930
