1582724977149 0 0
1582724977275 0 10
1582724977402 0 20
1582724977529 0 30
1582724977656 0 40
1582724977783 0 50
1582724977911 0 60
1582724978038 0 70
1582724978163 0 80
1582724978288 0 90
1582724978413 0 100
1582724978538 0 110
1582724978673 0 120
1582724978809 0 130
1582724978945 0 140
1582724979082 0 150
1582724979220 0 160
1582724979355 0 170
1582724979492 0 180
1582724979634 0 190
1582724979766 0 200
1582724979890 0 210
1582724980019 0 220
1582724980146 0 230
1582724980271 0 240
1582724980397 0 250
1582724980524 0 260
1582724980652 0 270
1582724980778 0 280
1582724980904 0 290
1582724981027 0 300
1582724981152 0 310
1582724981276 0 320
1582724981398 0 330
1582724981521 0 340
1582724981644 0 350
1582724981766 0 360
1582724981890 0 370
1582724982013 0 380
1582724982136 0 390
1582724982258 0 400
1582724982382 0 410
1582724982505 0 420
1582724982629 0 430
1582724982751 0 440
1582724982873 0 450
1582724982996 0 460
1582724983122 0 470
1582724983249 0 480
1582724983372 0 490
1582724983497 0 500
1582724983624 0 510
1582724983753 0 520
1582724983879 0 530
1582724984004 0 540
1582724984128 0 550
1582724984253 0 560
1582724984378 0 570
1582724984503 0 580
1582724984629 0 590
1582724984757 0 600
1582724984882 0 610
1582724985007 0 620
1582724985130 0 630
1582724985256 0 640
1582724985383 0 650
1582724985509 0 660
1582724985636 0 670
1582724985760 0 680
1582724985883 0 690
1582724986008 0 700
1582724986135 0 710
1582724986264 0 720
1582724986390 0 730
1582724986514 0 740
1582724986641 0 750
1582724986768 0 760
1582724986894 0 770
1582724987016 0 780
1582724987139 0 790
1582724987266 0 800
1582724987391 0 810
1582724987516 0 820
1582724987642 0 830
1582724987766 0 840
1582724987897 0 850
1582724988025 0 860
1582724988149 0 870
1582724988271 0 880
1582724988395 0 890
1582724988518 0 900
1582724988642 0 910
1582724988765 0 920
1582724988890 0 930
