1582724977149 0.7218773365020752 0
1582724977275 0.6579313278198242 10
1582724977402 0.6282090544700623 20
1582724977529 0.6006046533584595 30
1582724977656 0.5970579385757446 40
1582724977783 0.7674353718757629 50
1582724977911 0.6062544584274292 60
1582724978038 0.7049627304077148 70
1582724978163 0.5248801708221436 80
1582724978288 0.8178046345710754 90
1582724978413 0.9571064710617065 100
1582724978538 1.0011637210845947 110
1582724978673 1.1680052280426025 120
1582724978809 0.9758905172348022 130
1582724978945 0.6692408323287964 140
1582724979082 1.2952580451965332 150
1582724979220 0.6422128081321716 160
1582724979355 0.7444136738777161 170
1582724979492 0.8433326482772827 180
1582724979634 0.6569182872772217 190
1582724979766 0.7243832945823669 200
1582724979890 0.8790194392204285 210
1582724980019 0.5902353525161743 220
1582724980146 0.9671622514724731 230
1582724980271 0.7287389039993286 240
1582724980397 0.7177436351776123 250
1582724980524 0.8901766538619995 260
1582724980652 0.9854281544685364 270
1582724980778 0.427981972694397 280
1582724980904 0.6398541331291199 290
1582724981027 0.638054370880127 300
1582724981152 0.7676159143447876 310
1582724981276 1.0145797729492188 320
1582724981398 1.323557734489441 330
1582724981521 0.7683605551719666 340
1582724981644 1.0215988159179688 350
1582724981766 1.1475871801376343 360
1582724981890 0.624243438243866 370
1582724982013 1.258256435394287 380
1582724982136 0.4619688093662262 390
1582724982258 1.109200358390808 400
1582724982382 0.8354899883270264 410
1582724982505 0.9062641263008118 420
1582724982629 1.0335270166397095 430
1582724982751 0.8280525803565979 440
1582724982873 1.139049768447876 450
1582724982996 0.751685380935669 460
1582724983122 0.6722444295883179 470
1582724983249 1.4118711948394775 480
1582724983372 0.9206105470657349 490
1582724983497 0.4772975444793701 500
1582724983624 1.0368428230285645 510
1582724983753 1.552391767501831 520
1582724983879 1.418142557144165 530
1582724984004 0.7065487504005432 540
1582724984128 2.060250997543335 550
1582724984253 1.2946436405181885 560
1582724984378 0.7276940941810608 570
1582724984503 1.674128770828247 580
1582724984629 0.9937812089920044 590
1582724984757 1.1800092458724976 600
1582724984882 1.3508427143096924 610
1582724985007 0.9280956387519836 620
1582724985130 0.4531063437461853 630
1582724985256 0.5341650247573853 640
1582724985383 2.0835437774658203 650
1582724985509 0.9231649041175842 660
1582724985636 0.6189117431640625 670
1582724985760 1.4513752460479736 680
1582724985883 0.32253754138946533 690
1582724986008 1.1465961933135986 700
1582724986135 0.3493972718715668 710
1582724986264 1.004213809967041 720
1582724986390 0.9295287132263184 730
1582724986514 1.2024941444396973 740
1582724986641 2.1244661808013916 750
1582724986768 0.4892241358757019 760
1582724986894 1.7576851844787598 770
1582724987016 0.5024840831756592 780
1582724987139 0.8676084280014038 790
1582724987266 1.5138307809829712 800
1582724987391 1.3879485130310059 810
1582724987516 0.9305437207221985 820
1582724987642 0.965861439704895 830
1582724987766 1.1298191547393799 840
1582724987897 1.6733996868133545 850
1582724988025 2.8460445404052734 860
1582724988149 0.8808480501174927 870
1582724988271 1.580785870552063 880
1582724988395 0.904492974281311 890
1582724988518 1.9994229078292847 900
1582724988642 1.5732789039611816 910
1582724988765 1.7812421321868896 920
1582724988890 1.0188181400299072 930
