1582721581391 0.7234792113304138 0
1582721581763 0.382072776556015 10
1582721582141 0.41278448700904846 20
1582721582540 0.46509814262390137 30
1582721582907 0.5097712278366089 40
1582721583299 0.5523879528045654 50
1582721583691 0.669655978679657 60
1582721584072 0.391478955745697 70
1582721584500 0.43495696783065796 80
1582721584866 0.38117337226867676 90
1582721585225 0.3514304757118225 100
1582721585583 0.5318716168403625 110
1582721585979 0.5345710515975952 120
1582721586394 0.4468383193016052 130
1582721586795 0.5337918400764465 140
1582721587143 0.7031230926513672 150
1582721587504 0.5733339190483093 160
1582721587849 0.6546885967254639 170
1582721588201 0.5796224474906921 180
1582721588536 0.5730387568473816 190
1582721588884 0.5438609719276428 200
1582721589259 0.642288327217102 210
1582721589640 0.610946536064148 220
1582721589996 0.5057858228683472 230
1582721590375 0.5971621870994568 240
1582721590751 0.5334908962249756 250
1582721591103 0.6922498941421509 260
1582721591481 0.49669840931892395 270
1582721591860 0.5719249248504639 280
1582721592367 0.6051100492477417 290
1582721592787 0.4863665699958801 300
1582721593197 0.5645241737365723 310
1582721593571 0.545973539352417 320
1582721593967 0.5716940760612488 330
1582721594319 0.5742591023445129 340
1582721594659 0.5867651104927063 350
1582721594999 0.5815974473953247 360
1582721595364 0.5516498684883118 370
1582721595759 0.5206836462020874 380
1582721596131 0.4722863435745239 390
1582721596527 0.471396803855896 400
1582721596923 0.6293365955352783 410
1582721597323 0.5741468667984009 420
1582721597711 0.5360803008079529 430
1582721598184 0.6103513240814209 440
1582721598523 0.47036755084991455 450
1582721598905 0.5564318299293518 460
1582721599325 0.4046572744846344 470
1582721599708 0.5016411542892456 480
1582721600087 0.5157433152198792 490
1582721600451 0.42219942808151245 500
1582721600811 0.43723076581954956 510
1582721601195 0.5706238150596619 520
1582721601567 0.3855563700199127 530
1582721601922 0.3851996660232544 540
1582721602339 0.6440436840057373 550
1582721602739 0.46958938241004944 560
1582721603159 0.4362942576408386 570
1582721603589 0.4186617136001587 580
1582721604103 0.7086636424064636 590
1582721604587 0.41226059198379517 600
1582721605002 0.39065176248550415 610
1582721605397 0.5548318028450012 620
1582721605782 0.7371522784233093 630
1582721606171 0.4721887409687042 640
1582721606589 0.4793977737426758 650
1582721606981 0.44528159499168396 660
1582721607375 0.3590938448905945 670
1582721607775 0.5211590528488159 680
1582721608143 0.5645031929016113 690
1582721608499 0.5122487545013428 700
1582721608885 0.5038964748382568 710
1582721609259 0.3303162157535553 720
1582721609661 0.29645729064941406 730
1582721610082 0.4632261097431183 740
1582721610511 0.4417671263217926 750
1582721610879 0.7102641463279724 760
1582721611228 0.4046197533607483 770
1582721611575 0.32693952322006226 780
1582721611959 0.5299646258354187 790
1582721612307 0.23115669190883636 800
1582721612659 0.24826523661613464 810
1582721613027 0.30266332626342773 820
1582721613387 0.37321963906288147 830
1582721613745 0.612238883972168 840
1582721614128 0.4054228961467743 850
1582721614479 0.3797958493232727 860
1582721614843 0.48071664571762085 870
1582721615227 0.37493446469306946 880
1582721615591 0.4322044551372528 890
1582721615951 0.28524598479270935 900
1582721616327 0.35139402747154236 910
1582721616727 0.48072487115859985 920
1582721617123 0.5666930675506592 930
