1582721581391 0 0
1582721581763 0 10
1582721582141 0 20
1582721582540 0 30
1582721582907 0 40
1582721583299 0 50
1582721583691 0 60
1582721584072 0 70
1582721584500 0 80
1582721584866 0 90
1582721585225 0 100
1582721585583 0 110
1582721585979 0 120
1582721586394 0 130
1582721586795 0 140
1582721587143 0 150
1582721587504 0 160
1582721587849 0 170
1582721588201 0 180
1582721588536 0 190
1582721588884 0 200
1582721589259 0 210
1582721589640 0 220
1582721589996 0 230
1582721590375 0 240
1582721590751 0 250
1582721591103 0 260
1582721591481 0 270
1582721591860 0 280
1582721592367 0 290
1582721592787 0 300
1582721593197 0 310
1582721593571 0 320
1582721593967 0 330
1582721594319 0 340
1582721594659 0 350
1582721594999 0 360
1582721595364 0 370
1582721595759 0 380
1582721596131 0 390
1582721596527 0 400
1582721596923 0 410
1582721597323 0 420
1582721597711 0 430
1582721598184 0 440
1582721598523 0 450
1582721598905 0 460
1582721599325 0 470
1582721599708 0 480
1582721600087 0 490
1582721600451 0 500
1582721600811 0 510
1582721601195 0 520
1582721601567 0 530
1582721601922 0 540
1582721602339 0 550
1582721602739 0 560
1582721603159 0 570
1582721603589 0 580
1582721604103 0 590
1582721604587 0 600
1582721605002 0 610
1582721605397 0 620
1582721605782 0 630
1582721606171 0 640
1582721606589 0 650
1582721606981 0 660
1582721607375 0 670
1582721607775 0 680
1582721608143 0 690
1582721608499 0 700
1582721608885 0 710
1582721609259 0 720
1582721609661 0 730
1582721610082 0 740
1582721610511 0 750
1582721610879 0 760
1582721611228 0 770
1582721611575 0 780
1582721611959 0 790
1582721612307 0 800
1582721612659 0 810
1582721613027 0 820
1582721613387 0 830
1582721613745 0 840
1582721614128 0 850
1582721614479 0 860
1582721614843 0 870
1582721615227 0 880
1582721615591 0 890
1582721615951 0 900
1582721616327 0 910
1582721616727 0 920
1582721617123 0 930
