1582721581391 0.7196828126907349 0
1582721581763 0.6546180248260498 10
1582721582141 0.6198376417160034 20
1582721582540 0.615096926689148 30
1582721582907 0.628422737121582 40
1582721583299 0.6479889750480652 50
1582721583691 0.37329569458961487 60
1582721584072 0.8823145031929016 70
1582721584500 0.8052632808685303 80
1582721584866 0.8841583132743835 90
1582721585225 1.0270780324935913 100
1582721585583 0.7358614206314087 110
1582721585979 0.724121630191803 120
1582721586394 1.0939388275146484 130
1582721586795 0.5530321598052979 140
1582721587143 0.4484819769859314 150
1582721587504 0.6244584918022156 160
1582721587849 0.5076084733009338 170
1582721588201 0.6784990429878235 180
1582721588536 0.7034533023834229 190
1582721588884 0.6814526319503784 200
1582721589259 0.5467684268951416 210
1582721589640 0.6881988048553467 220
1582721589996 1.0176095962524414 230
1582721590375 0.9748355150222778 240
1582721590751 0.6668729782104492 250
1582721591103 0.38834401965141296 260
1582721591481 1.1793394088745117 270
1582721591860 0.9252281785011292 280
1582721592367 0.9066674113273621 290
1582721592787 1.0738959312438965 300
1582721593197 1.0925997495651245 310
1582721593571 0.7940166592597961 320
1582721593967 0.6473133563995361 330
1582721594319 1.2370450496673584 340
1582721594659 0.8925880193710327 350
1582721594999 1.406111240386963 360
1582721595364 0.7440795302391052 370
1582721595759 0.6029999852180481 380
1582721596131 0.7882366180419922 390
1582721596527 0.7712806463241577 400
1582721596923 1.4398313760757446 410
1582721597323 1.0097392797470093 420
1582721597711 0.6437020301818848 430
1582721598184 1.7903965711593628 440
1582721598523 0.731804370880127 450
1582721598905 0.48667484521865845 460
1582721599325 1.2172919511795044 470
1582721599708 1.1195321083068848 480
1582721600087 1.7234597206115723 490
1582721600451 1.2445508241653442 500
1582721600811 1.071483850479126 510
1582721601195 0.46341830492019653 520
1582721601567 1.2264657020568848 530
1582721601922 0.844551146030426 540
1582721602339 0.40213361382484436 550
1582721602739 1.3383424282073975 560
1582721603159 1.5696138143539429 570
1582721603589 2.169407844543457 580
1582721604103 0.3326531946659088 590
1582721604587 1.49427330493927 600
1582721605002 0.9546055197715759 610
1582721605397 1.3515487909317017 620
1582721605782 0.3046692907810211 630
1582721606171 0.744178056716919 640
1582721606589 1.5602151155471802 650
1582721606981 1.256600260734558 660
1582721607375 1.0728479623794556 670
1582721607775 1.6579524278640747 680
1582721608143 0.5530462861061096 690
1582721608499 1.7720047235488892 700
1582721608885 0.775668740272522 710
1582721609259 1.3646477460861206 720
1582721609661 1.362005591392517 730
1582721610082 2.652076244354248 740
1582721610511 0.6721214056015015 750
1582721610879 2.879387378692627 760
1582721611228 0.9819805026054382 770
1582721611575 2.214080572128296 780
1582721611959 0.5785561203956604 790
1582721612307 1.6059584617614746 800
1582721612659 1.3106070756912231 810
1582721613027 0.9420651197433472 820
1582721613387 1.9442030191421509 830
1582721613745 0.44177868962287903 840
1582721614128 2.0762131214141846 850
1582721614479 1.6257820129394531 860
1582721614843 0.5969491004943848 870
1582721615227 0.8869006037712097 880
1582721615591 1.0924915075302124 890
1582721615951 1.4474008083343506 900
1582721616327 1.420877456665039 910
1582721616727 1.0163968801498413 920
1582721617123 0.7174094915390015 930
