1582722412319 0.6640402674674988 0
1582722414952 0.3807932734489441 10
1582722415194 0.41599592566490173 20
1582722415329 0.4627452790737152 30
1582722415469 0.5125280618667603 40
1582722415605 0.5854988694190979 50
1582722415746 0.5197404026985168 60
1582722415884 0.33954918384552 70
1582722416022 0.5440714359283447 80
1582722416145 0.4135418236255646 90
1582722416278 0.40539953112602234 100
1582722416402 0.35384535789489746 110
1582722416529 0.41815176606178284 120
1582722416653 0.49064865708351135 130
1582722416776 0.5675920248031616 140
1582722416908 0.5879789590835571 150
1582722417034 0.6322425603866577 160
1582722417160 0.6529454588890076 170
1582722417283 0.48403051495552063 180
1582722417417 0.5489875078201294 190
1582722417539 0.5317768454551697 200
1582722417663 0.5646932721138 210
1582722417785 0.578062891960144 220
1582722417921 0.5312442779541016 230
1582722418050 0.5905627012252808 240
1582722418176 0.6309739351272583 250
1582722418297 0.5310302972793579 260
1582722418421 0.5742040872573853 270
1582722418547 0.469842791557312 280
1582722418673 0.6590989828109741 290
1582722418799 0.5908706784248352 300
1582722418950 0.5383811593055725 310
1582722419086 0.5515227913856506 320
1582722419220 0.5189298987388611 330
1582722419353 0.6185078024864197 340
1582722419493 0.39683306217193604 350
1582722419618 0.45219293236732483 360
1582722419746 0.614570140838623 370
1582722419872 0.485798180103302 380
1582722419999 0.5317931771278381 390
1582722420122 0.4859239459037781 400
1582722420262 0.534550130367279 410
1582722420398 0.6356244087219238 420
1582722420533 0.5622929334640503 430
1582722420661 0.6101228594779968 440
1582722420808 0.4761110544204712 450
1582722420960 0.4678875803947449 460
1582722421090 0.5392516851425171 470
1582722421219 0.47519975900650024 480
1582722421343 0.4453423023223877 490
1582722421469 0.4020240604877472 500
1582722421592 0.49637681245803833 510
1582722421714 0.5276484489440918 520
1582722421838 0.5260865688323975 530
1582722421968 0.3700573146343231 540
1582722422100 0.5234897136688232 550
1582722422230 0.6183659434318542 560
1582722422357 0.5010455250740051 570
1582722422486 0.39867156744003296 580
1582722422613 0.46173393726348877 590
1582722422740 0.3860723376274109 600
1582722422868 0.44960182905197144 610
1582722423003 0.4491308331489563 620
1582722423134 0.41022124886512756 630
1582722423273 0.3911290168762207 640
1582722423402 0.48699498176574707 650
1582722423532 0.447975754737854 660
1582722423658 0.5496476292610168 670
1582722423786 0.45848381519317627 680
1582722423918 0.5018910765647888 690
1582722424057 0.30417561531066895 700
1582722424183 0.477527379989624 710
1582722424311 0.4230187237262726 720
1582722424437 0.3338344991207123 730
1582722424564 0.5312298536300659 740
1582722424692 0.44831129908561707 750
1582722424819 0.5036191940307617 760
1582722424955 0.46454304456710815 770
1582722425083 0.4539719223976135 780
1582722425231 0.3665878474712372 790
1582722425356 0.3527257442474365 800
1582722425488 0.451666921377182 810
1582722425612 0.39251136779785156 820
1582722425736 0.3347838819026947 830
1582722425861 0.3839458227157593 840
1582722425992 0.27417850494384766 850
1582722426127 0.283172607421875 860
1582722426263 0.3624207377433777 870
1582722426401 0.2567860782146454 880
1582722426534 1.0511192083358765 890
1582722426667 0.4501936435699463 900
1582722426794 0.32254520058631897 910
1582722426923 0.4647875428199768 920
1582722427051 0.42419925332069397 930
