1582722412319 0 0
1582722414952 0 10
1582722415194 0 20
1582722415329 0 30
1582722415469 0 40
1582722415605 0 50
1582722415746 0 60
1582722415884 0 70
1582722416022 0 80
1582722416145 0 90
1582722416278 0 100
1582722416402 0 110
1582722416529 0 120
1582722416653 0 130
1582722416776 0 140
1582722416908 0 150
1582722417034 0 160
1582722417160 0 170
1582722417283 0 180
1582722417417 0 190
1582722417539 0 200
1582722417663 0 210
1582722417785 0 220
1582722417921 0 230
1582722418050 0 240
1582722418176 0 250
1582722418297 0 260
1582722418421 0 270
1582722418547 0 280
1582722418673 0 290
1582722418799 0 300
1582722418950 0 310
1582722419086 0 320
1582722419220 0 330
1582722419353 0 340
1582722419493 0 350
1582722419618 0 360
1582722419746 0 370
1582722419872 0 380
1582722419999 0 390
1582722420122 0 400
1582722420262 0 410
1582722420398 0 420
1582722420533 0 430
1582722420661 0 440
1582722420808 0 450
1582722420960 0 460
1582722421090 0 470
1582722421219 0 480
1582722421343 0 490
1582722421469 0 500
1582722421592 0 510
1582722421714 0 520
1582722421838 0 530
1582722421968 0 540
1582722422100 0 550
1582722422230 0 560
1582722422357 0 570
1582722422486 0 580
1582722422613 0 590
1582722422740 0 600
1582722422868 0 610
1582722423003 0 620
1582722423134 0 630
1582722423273 0 640
1582722423402 0 650
1582722423532 0 660
1582722423658 0 670
1582722423786 0 680
1582722423918 0 690
1582722424057 0 700
1582722424183 0 710
1582722424311 0 720
1582722424437 0 730
1582722424564 0 740
1582722424692 0 750
1582722424819 0 760
1582722424955 0 770
1582722425083 0 780
1582722425231 0 790
1582722425356 0 800
1582722425488 0 810
1582722425612 0 820
1582722425736 0 830
1582722425861 0 840
1582722425992 0 850
1582722426127 0 860
1582722426263 0 870
1582722426401 0 880
1582722426534 0 890
1582722426667 0 900
1582722426794 0 910
1582722426923 0 920
1582722427051 0 930
