1582722412319 0.7085795402526855 0
1582722414952 0.6493973731994629 10
1582722415194 0.61724853515625 20
1582722415329 0.6195753216743469 30
1582722415469 0.5778260827064514 40
1582722415605 0.5000304579734802 50
1582722415746 0.5725763440132141 60
1582722415884 1.0579742193222046 70
1582722416022 0.5557475090026855 80
1582722416145 0.9029155969619751 90
1582722416278 0.7135539054870605 100
1582722416402 1.0308769941329956 110
1582722416529 1.1001358032226562 120
1582722416653 0.8126239776611328 130
1582722416776 0.8146384358406067 140
1582722416908 0.5502616167068481 150
1582722417034 0.7455365657806396 160
1582722417160 0.7150588035583496 170
1582722417283 1.1869195699691772 180
1582722417417 0.9011590480804443 190
1582722417539 0.6038182973861694 200
1582722417663 0.6675866842269897 210
1582722417785 0.6453490853309631 220
1582722417921 0.6812343597412109 230
1582722418050 0.916388988494873 240
1582722418176 0.6647155284881592 250
1582722418297 0.8934546709060669 260
1582722418421 0.9406125545501709 270
1582722418547 1.344618797302246 280
1582722418673 0.6748220324516296 290
1582722418799 0.528214693069458 300
1582722418950 0.702682614326477 310
1582722419086 1.2126483917236328 320
1582722419220 0.6043572425842285 330
1582722419353 0.5350955724716187 340
1582722419493 1.0706357955932617 350
1582722419618 1.321692943572998 360
1582722419746 0.5233463644981384 370
1582722419872 0.8545998930931091 380
1582722419999 0.8018388748168945 390
1582722420122 0.914058268070221 400
1582722420262 0.710452139377594 410
1582722420398 1.2658172845840454 420
1582722420533 0.5676624774932861 430
1582722420661 1.6494982242584229 440
1582722420808 1.0815625190734863 450
1582722420960 0.7384234070777893 460
1582722421090 1.7855395078659058 470
1582722421219 1.5782965421676636 480
1582722421343 1.0769684314727783 490
1582722421469 1.1200459003448486 500
1582722421592 1.2197182178497314 510
1582722421714 0.5207226276397705 520
1582722421838 1.5537999868392944 530
1582722421968 1.5308696031570435 540
1582722422100 0.587465226650238 550
1582722422230 1.9368984699249268 560
1582722422357 1.5656112432479858 570
1582722422486 1.2450964450836182 580
1582722422613 0.9915508031845093 590
1582722422740 0.8300151824951172 600
1582722422868 0.963365912437439 610
1582722423003 0.7192506790161133 620
1582722423134 0.938215970993042 630
1582722423273 1.2365986108779907 640
1582722423402 1.2541742324829102 650
1582722423532 1.3388638496398926 660
1582722423658 0.6161117553710938 670
1582722423786 1.2950599193572998 680
1582722423918 0.7570675015449524 690
1582722424057 1.3862931728363037 700
1582722424183 1.0380268096923828 710
1582722424311 0.8269109725952148 720
1582722424437 1.2920371294021606 730
1582722424564 0.5561314225196838 740
1582722424692 0.7361460328102112 750
1582722424819 1.6271663904190063 760
1582722424955 1.273553729057312 770
1582722425083 0.6523383259773254 780
1582722425231 2.123716354370117 790
1582722425356 1.5470596551895142 800
1582722425488 2.4120802879333496 810
1582722425612 1.0195269584655762 820
1582722425736 1.2925703525543213 830
1582722425861 1.377150297164917 840
1582722425992 1.2347242832183838 850
1582722426127 1.9248757362365723 860
1582722426263 0.8835907578468323 870
1582722426401 1.3966047763824463 880
1582722426534 3.7604315280914307 890
1582722426667 1.4342081546783447 900
1582722426794 1.218531847000122 910
1582722426923 0.5923978090286255 920
1582722427051 1.3615742921829224 930
