1582850561087 0.701156497001648 0
1582850561240 0.38377371430397034 10
1582850561367 0.41133084893226624 20
1582850561493 0.445828914642334 30
1582850561617 0.4906903803348541 40
1582850561744 0.5679917931556702 50
1582850561871 0.5513069033622742 60
1582850561996 0.36279934644699097 70
1582850562121 0.4789326786994934 80
1582850562251 0.36850202083587646 90
1582850562380 0.37916526198387146 100
1582850562517 0.3646981120109558 110
1582850562643 0.457214891910553 120
1582850562772 0.4620238244533539 130
1582850562899 0.5500636100769043 140
1582850563033 0.5097472667694092 150
1582850563170 0.5930624604225159 160
1582850563299 0.6052795648574829 170
1582850563431 0.5900282263755798 180
1582850563562 0.6092509627342224 190
1582850563699 0.5295509099960327 200
1582850563846 0.5332624316215515 210
1582850563986 0.5119256973266602 220
1582850564118 0.4816216230392456 230
1582850564243 0.5276961326599121 240
1582850564370 0.46577367186546326 250
1582850564500 0.4444466829299927 260
1582850564623 0.42640623450279236 270
1582850564746 0.45598673820495605 280
1582850564875 0.4954138398170471 290
1582850565003 0.6089522838592529 300
1582850565130 0.5059251189231873 310
1582850565261 0.6133978366851807 320
1582850565384 0.49498292803764343 330
1582850565512 0.6738905906677246 340
1582850565633 0.5464626550674438 350
1582850565762 0.5877782106399536 360
1582850565885 0.5620836019515991 370
1582850566009 0.4941555857658386 380
1582850566136 0.5114143490791321 390
1582850566267 0.6492078304290771 400
1582850566398 0.5337207317352295 410
1582850566527 0.5496305227279663 420
1582850566654 0.6553524136543274 430
1582850566779 0.519024670124054 440
1582850566902 0.4706125259399414 450
1582850567024 0.47084078192710876 460
1582850567147 0.49034231901168823 470
1582850567271 0.475739985704422 480
1582850567396 0.5069395303726196 490
1582850567525 0.4658351242542267 500
1582850567651 0.5653693675994873 510
1582850567776 0.5748722553253174 520
1582850567901 0.4794233441352844 530
1582850568026 0.4263916015625 540
1582850568154 0.4714767336845398 550
1582850568280 0.4512476325035095 560
1582850568406 0.5039777159690857 570
1582850568534 0.3628954291343689 580
1582850568664 0.43446576595306396 590
1582850568790 0.5343326926231384 600
1582850568917 0.5034189224243164 610
1582850569038 0.5415248274803162 620
1582850569162 0.5208991765975952 630
1582850569284 0.5189154148101807 640
1582850569407 0.3877042829990387 650
1582850569531 0.44538649916648865 660
1582850569655 0.4667924642562866 670
1582850569778 0.47582313418388367 680
1582850569900 0.46734166145324707 690
1582850570023 0.43821075558662415 700
1582850570148 0.5406622886657715 710
1582850570273 0.44779470562934875 720
1582850570397 0.38867056369781494 730
1582850570527 0.37753385305404663 740
1582850570655 0.39360982179641724 750
1582850570779 0.4397864043712616 760
1582850570901 0.31906038522720337 770
1582850571024 0.4130929112434387 780
1582850571149 0.40689802169799805 790
1582850571273 0.3174426555633545 800
1582850571395 0.36155882477760315 810
1582850571521 0.4311135411262512 820
1582850571648 0.5624866485595703 830
1582850571777 0.4099003076553345 840
1582850571901 0.5860863924026489 850
1582850572025 0.49817779660224915 860
1582850572152 0.44588449597358704 870
1582850572282 0.3428313136100769 880
1582850572407 0.49633920192718506 890
1582850572531 0.3973349928855896 900
1582850572657 0.758901059627533 910
1582850572783 0.46803298592567444 920
1582850572908 0.5373263955116272 930
