1582850561087 0 0
1582850561240 0 10
1582850561367 0 20
1582850561493 0 30
1582850561617 0 40
1582850561744 0 50
1582850561871 0 60
1582850561996 0 70
1582850562121 0 80
1582850562251 0 90
1582850562380 0 100
1582850562517 0 110
1582850562643 0 120
1582850562772 0 130
1582850562899 0 140
1582850563033 0 150
1582850563170 0 160
1582850563299 0 170
1582850563431 0 180
1582850563562 0 190
1582850563699 0 200
1582850563846 0 210
1582850563986 0 220
1582850564118 0 230
1582850564243 0 240
1582850564370 0 250
1582850564500 0 260
1582850564623 0 270
1582850564746 0 280
1582850564875 0 290
1582850565003 0 300
1582850565130 0 310
1582850565261 0 320
1582850565384 0 330
1582850565512 0 340
1582850565633 0 350
1582850565762 0 360
1582850565885 0 370
1582850566009 0 380
1582850566136 0 390
1582850566267 0 400
1582850566398 0 410
1582850566527 0 420
1582850566654 0 430
1582850566779 0 440
1582850566902 0 450
1582850567024 0 460
1582850567147 0 470
1582850567271 0 480
1582850567396 0 490
1582850567525 0 500
1582850567651 0 510
1582850567776 0 520
1582850567901 0 530
1582850568026 0 540
1582850568154 0 550
1582850568280 0 560
1582850568406 0 570
1582850568534 0 580
1582850568664 0 590
1582850568790 0 600
1582850568917 0 610
1582850569038 0 620
1582850569162 0 630
1582850569284 0 640
1582850569407 0 650
1582850569531 0 660
1582850569655 0 670
1582850569778 0 680
1582850569900 0 690
1582850570023 0 700
1582850570148 0 710
1582850570273 0 720
1582850570397 0 730
1582850570527 0 740
1582850570655 0 750
1582850570779 0 760
1582850570901 0 770
1582850571024 0 780
1582850571149 0 790
1582850571273 0 800
1582850571395 0 810
1582850571521 0 820
1582850571648 0 830
1582850571777 0 840
1582850571901 0 850
1582850572025 0 860
1582850572152 0 870
1582850572282 0 880
1582850572407 0 890
1582850572531 0 900
1582850572657 0 910
1582850572783 0 920
1582850572908 0 930
