1582850561087 0.7191020250320435 0
1582850561240 0.6483060717582703 10
1582850561367 0.6286505460739136 20
1582850561493 0.634667694568634 30
1582850561617 0.6110665798187256 40
1582850561744 0.47775107622146606 50
1582850561871 0.5418708324432373 60
1582850561996 0.9570325613021851 70
1582850562121 0.8018622398376465 80
1582850562251 0.9078695178031921 90
1582850562380 0.832185685634613 100
1582850562517 0.9082409143447876 110
1582850562643 1.0525169372558594 120
1582850562772 1.0870040655136108 130
1582850562899 1.1237839460372925 140
1582850563033 1.1488621234893799 150
1582850563170 0.7501555681228638 160
1582850563299 0.6983671188354492 170
1582850563431 1.052584171295166 180
1582850563562 0.9846189022064209 190
1582850563699 0.8288153409957886 200
1582850563846 0.8332546949386597 210
1582850563986 0.6847363710403442 220
1582850564118 1.1344809532165527 230
1582850564243 0.8795599937438965 240
1582850564370 1.0598238706588745 250
1582850564500 0.9953011274337769 260
1582850564623 1.4655184745788574 270
1582850564746 1.0130290985107422 280
1582850564875 0.9362170696258545 290
1582850565003 0.9279344081878662 300
1582850565130 1.095367670059204 310
1582850565261 0.5499082207679749 320
1582850565384 0.8222251534461975 330
1582850565512 0.3957897126674652 340
1582850565633 0.9219956994056702 350
1582850565762 0.5532983541488647 360
1582850565885 0.9048610925674438 370
1582850566009 0.8711559176445007 380
1582850566136 0.7265937328338623 390
1582850566267 0.45234236121177673 400
1582850566398 0.6883907318115234 410
1582850566527 0.5683038234710693 420
1582850566654 0.3894122838973999 430
1582850566779 1.0078115463256836 440
1582850566902 0.9374033212661743 450
1582850567024 0.7665536403656006 460
1582850567147 0.8248740434646606 470
1582850567271 1.4188965559005737 480
1582850567396 0.959068775177002 490
1582850567525 0.8946776390075684 500
1582850567651 0.5104248523712158 510
1582850567776 0.47594472765922546 520
1582850567901 1.1355738639831543 530
1582850568026 1.1425062417984009 540
1582850568154 1.1300911903381348 550
1582850568280 1.129857063293457 560
1582850568406 0.7297894954681396 570
1582850568534 1.068245530128479 580
1582850568664 1.0531742572784424 590
1582850568790 0.5158594250679016 600
1582850568917 1.0497465133666992 610
1582850569038 0.8753176927566528 620
1582850569162 1.2532591819763184 630
1582850569284 0.9260129332542419 640
1582850569407 1.2372972965240479 650
1582850569531 0.8982691764831543 660
1582850569655 1.2770545482635498 670
1582850569778 1.3050421476364136 680
1582850569900 0.6425727009773254 690
1582850570023 1.3872921466827393 700
1582850570148 0.606843888759613 710
1582850570273 1.1104321479797363 720
1582850570397 1.3677786588668823 730
1582850570527 2.195035934448242 740
1582850570655 1.0997288227081299 750
1582850570779 0.8643892407417297 760
1582850570901 1.591261386871338 770
1582850571024 1.025333046913147 780
1582850571149 1.0125757455825806 790
1582850571273 1.487952470779419 800
1582850571395 1.4062793254852295 810
1582850571521 1.3264381885528564 820
1582850571648 1.4503467082977295 830
1582850571777 1.3555926084518433 840
1582850571901 0.5078940987586975 850
1582850572025 0.6211410760879517 860
1582850572152 0.6931278705596924 870
1582850572282 1.2642897367477417 880
1582850572407 1.2102705240249634 890
1582850572531 1.2116303443908691 900
1582850572657 0.35515013337135315 910
1582850572783 1.6979420185089111 920
1582850572908 0.659235954284668 930
