1582724554241 0.6734144687652588 0
1582724555028 0.3774913549423218 10
1582724555166 0.39356791973114014 20
1582724555322 0.44599270820617676 30
1582724555482 0.5402356386184692 40
1582724555632 0.5502337217330933 50
1582724555788 0.5350874662399292 60
1582724555955 0.4433693587779999 70
1582724556123 0.5662243962287903 80
1582724556285 0.4442583918571472 90
1582724556448 0.3744789958000183 100
1582724556600 0.48789355158805847 110
1582724556750 0.5393741130828857 120
1582724556903 0.6957332491874695 130
1582724557046 0.6041485071182251 140
1582724557183 0.6743720173835754 150
1582724557339 0.6763854026794434 160
1582724557478 0.6167858242988586 170
1582724557630 0.6158939599990845 180
1582724557780 0.642304539680481 190
1582724557935 0.5531598329544067 200
1582724558088 0.6093491315841675 210
1582724558239 0.4651342034339905 220
1582724558393 0.38041791319847107 230
1582724558535 0.47278332710266113 240
1582724558683 0.5296927690505981 250
1582724558825 0.5369192957878113 260
1582724558974 0.41655540466308594 270
1582724559122 0.5392781496047974 280
1582724559270 0.5107854604721069 290
1582724559434 0.38993480801582336 300
1582724559586 0.36449071764945984 310
1582724559733 0.3782517910003662 320
1582724559882 0.5113402009010315 330
1582724560045 0.5949339866638184 340
1582724575969 0.772475004196167 350
1582724587438 0.5093109607696533 360
1582724587979 0.5250629186630249 370
1582724588480 0.4709187150001526 380
1582724588630 0.46621647477149963 390
1582724588769 0.45093780755996704 400
1582724588912 0.43788692355155945 410
1582724589057 0.4677865207195282 420
1582724589202 0.5041106939315796 430
1582724589336 0.4757779538631439 440
1582724589475 0.4858236610889435 450
1582724589975 0.4560350775718689 460
1582724590116 0.39025765657424927 470
1582724590254 0.3870621919631958 480
1582724590410 0.4908125698566437 490
1582724590561 0.6030522584915161 500
1582724590707 0.49817711114883423 510
1582724598479 0.47265198826789856 520
1582724599337 0.4739903509616852 530
1582724599482 0.4063810706138611 540
1582724599625 0.5530923008918762 550
1582724599787 0.6355063915252686 560
1582724599947 0.5475323796272278 570
1582724600094 0.34715622663497925 580
1582724600264 0.4327578842639923 590
1582724600420 0.4068603515625 600
1582724600595 0.5018003582954407 610
1582724600762 0.734477698802948 620
1582724600939 0.5358779430389404 630
1582724615510 0.5666521191596985 640
1582724622831 0.3965461254119873 650
1582724624002 0.4400586485862732 660
1582724632170 0.4459776282310486 670
1582724644163 0.3853427767753601 680
1582724653109 0.38681742548942566 690
1582724659214 0.4165872037410736 700
1582724659857 0.550670862197876 710
1582724659999 0.45112234354019165 720
1582724660149 0.3849194645881653 730
1582724660309 0.30816492438316345 740
1582724660456 1.028041958808899 750
1582724689064 0.4772590100765228 760
1582724689268 0.2610582411289215 770
1582724689402 0.3913799822330475 780
1582724689543 0.391643226146698 790
1582724689685 0.35034245252609253 800
1582724689824 0.3164668679237366 810
1582724689978 0.3133412003517151 820
1582724690127 0.3916686475276947 830
1582724690271 0.2945680618286133 840
1582724690429 0.4687075912952423 850
1582724690574 0.3506498336791992 860
1582724690724 0.3739069402217865 870
1582724690880 0.3772144019603729 880
1582724691027 0.4099106788635254 890
1582724691163 0.3989318013191223 900
1582724691307 0.4156167507171631 910
1582724691452 0.32051539421081543 920
1582724691593 0.4976847171783447 930
