1582724554241 0 0
1582724555028 0 10
1582724555166 0 20
1582724555322 0 30
1582724555482 0 40
1582724555632 0 50
1582724555788 0 60
1582724555955 0 70
1582724556123 0 80
1582724556285 0 90
1582724556448 0 100
1582724556600 0 110
1582724556750 0 120
1582724556903 0 130
1582724557046 0 140
1582724557183 0 150
1582724557339 0 160
1582724557478 0 170
1582724557630 0 180
1582724557780 0 190
1582724557935 0 200
1582724558088 0 210
1582724558239 0 220
1582724558393 0 230
1582724558535 0 240
1582724558683 0 250
1582724558825 0 260
1582724558974 0 270
1582724559122 0 280
1582724559270 0 290
1582724559434 0 300
1582724559586 0 310
1582724559733 0 320
1582724559882 0 330
1582724560045 0 340
1582724575969 0 350
1582724587438 0 360
1582724587979 0 370
1582724588480 0 380
1582724588630 0 390
1582724588769 0 400
1582724588912 0 410
1582724589057 0 420
1582724589202 0 430
1582724589336 0 440
1582724589475 0 450
1582724589975 0 460
1582724590116 0 470
1582724590254 0 480
1582724590410 0 490
1582724590561 0 500
1582724590707 0 510
1582724598479 0 520
1582724599337 0 530
1582724599482 0 540
1582724599625 0 550
1582724599787 0 560
1582724599947 0 570
1582724600094 0 580
1582724600264 0 590
1582724600420 0 600
1582724600595 0 610
1582724600762 0 620
1582724600939 0 630
1582724615510 0 640
1582724622831 0 650
1582724624002 0 660
1582724632170 0 670
1582724644163 0 680
1582724653109 0 690
1582724659214 0 700
1582724659857 0 710
1582724659999 0 720
1582724660149 0 730
1582724660309 0 740
1582724660456 0 750
1582724689064 0 760
1582724689268 0 770
1582724689402 0 780
1582724689543 0 790
1582724689685 0 800
1582724689824 0 810
1582724689978 0 820
1582724690127 0 830
1582724690271 0 840
1582724690429 0 850
1582724690574 0 860
1582724690724 0 870
1582724690880 0 880
1582724691027 0 890
1582724691163 0 900
1582724691307 0 910
1582724691452 0 920
1582724691593 0 930
