1582724554241 0.719352126121521 0
1582724555028 0.6556172370910645 10
1582724555166 0.6580061316490173 20
1582724555322 0.6281704902648926 30
1582724555482 0.586191713809967 40
1582724555632 0.5945320725440979 50
1582724555788 0.5971239805221558 60
1582724555955 0.9097659587860107 70
1582724556123 0.4981881380081177 80
1582724556285 0.6987344026565552 90
1582724556448 0.999197781085968 100
1582724556600 0.7679980397224426 110
1582724556750 0.7624321579933167 120
1582724556903 0.4924495816230774 130
1582724557046 0.740959644317627 140
1582724557183 0.533898115158081 150
1582724557339 0.8781931400299072 160
1582724557478 0.7383735775947571 170
1582724557630 0.5545859932899475 180
1582724557780 0.8833353519439697 190
1582724557935 0.6531327962875366 200
1582724558088 0.8496412634849548 210
1582724558239 1.02325439453125 220
1582724558393 1.0259041786193848 230
1582724558535 1.4411855936050415 240
1582724558683 1.237737774848938 250
1582724558825 1.3350964784622192 260
1582724558974 1.1419761180877686 270
1582724559122 0.4820396900177002 280
1582724559270 0.7834875583648682 290
1582724559434 0.9110625386238098 300
1582724559586 0.9691599607467651 310
1582724559733 1.0933828353881836 320
1582724559882 1.5993473529815674 330
1582724560045 0.48816943168640137 340
1582724575969 1.933112621307373 350
1582724587438 0.8766378164291382 360
1582724587979 0.6611924171447754 370
1582724588480 0.849695086479187 380
1582724588630 0.8626272082328796 390
1582724588769 1.1843547821044922 400
1582724588912 0.9409142732620239 410
1582724589057 0.6610621213912964 420
1582724589202 0.6177863478660583 430
1582724589336 1.20954167842865 440
1582724589475 1.1700365543365479 450
1582724589975 0.7819645404815674 460
1582724590116 1.3634114265441895 470
1582724590254 1.3590574264526367 480
1582724590410 1.3815721273422241 490
1582724590561 0.4953235685825348 500
1582724590707 0.7970904111862183 510
1582724598479 0.6528851389884949 520
1582724599337 0.9465295076370239 530
1582724599482 0.931964635848999 540
1582724599625 0.5547510981559753 550
1582724599787 1.7952957153320312 560
1582724599947 1.5781822204589844 570
1582724600094 1.1678590774536133 580
1582724600264 1.2655277252197266 590
1582724600420 0.7980738878250122 600
1582724600595 1.9229817390441895 610
1582724600762 0.3276461362838745 620
1582724600939 1.3119887113571167 630
1582724615510 0.5325239300727844 640
1582724622831 1.3749332427978516 650
1582724624002 0.9040665626525879 660
1582724632170 0.8315067291259766 670
1582724644163 1.007162094116211 680
1582724653109 0.9405022859573364 690
1582724659214 0.7436370849609375 700
1582724659857 0.4853702485561371 710
1582724659999 1.5889586210250854 720
1582724660149 1.0701664686203003 730
1582724660309 1.9187743663787842 740
1582724660456 0.1993832290172577 750
1582724689064 1.77689790725708 760
1582724689268 1.8124439716339111 770
1582724689402 0.8681790828704834 780
1582724689543 0.9154107570648193 790
1582724689685 1.0866730213165283 800
1582724689824 1.706047534942627 810
1582724689978 1.8115489482879639 820
1582724690127 0.9381347894668579 830
1582724690271 1.8459603786468506 840
1582724690429 0.67070472240448 850
1582724690574 1.1954137086868286 860
1582724690724 1.676784873008728 870
1582724690880 1.446762204170227 880
1582724691027 1.2168214321136475 890
1582724691163 0.7628210186958313 900
1582724691307 1.031935691833496 910
1582724691452 1.1569620370864868 920
1582724691593 0.7059433460235596 930
