1582724934478 0.6806911826133728 0
1582724934626 0.4005313217639923 10
1582724934761 0.42975500226020813 20
1582724934896 0.47495824098587036 30
1582724935023 0.5590894222259521 40
1582724935148 0.5033050179481506 50
1582724935277 0.5714108347892761 60
1582724935405 0.3852120339870453 70
1582724935533 0.5661893486976624 80
1582724935660 0.3943691849708557 90
1582724935790 0.335379034280777 100
1582724935923 0.3915693759918213 110
1582724936053 0.4338781237602234 120
1582724936182 0.4990983009338379 130
1582724936310 0.5162994861602783 140
1582724936438 0.5664197206497192 150
1582724936566 0.6987413763999939 160
1582724936691 0.650390625 170
1582724936820 0.4926038682460785 180
1582724936948 0.580229640007019 190
1582724937077 0.5876610279083252 200
1582724937202 0.5489774942398071 210
1582724937327 0.5446696877479553 220
1582724937452 0.509984016418457 230
1582724937576 0.4778174161911011 240
1582724937699 0.515724241733551 250
1582724937823 0.5340372323989868 260
1582724937946 0.4440629482269287 270
1582724938068 0.4674336016178131 280
1582724938193 0.4912646412849426 290
1582724938318 0.4787400960922241 300
1582724938446 0.5117785930633545 310
1582724938575 0.5864573121070862 320
1582724938704 0.6153082847595215 330
1582724938832 0.5559386014938354 340
1582724938965 0.6233088970184326 350
1582724939093 0.5379196405410767 360
1582724939216 0.5511338114738464 370
1582724939340 0.7149478197097778 380
1582724939465 0.5328629612922668 390
1582724939590 0.520469069480896 400
1582724939717 0.5915557146072388 410
1582724939843 0.4660966694355011 420
1582724939970 0.5772398114204407 430
1582724940100 0.39620068669319153 440
1582724940229 0.40938878059387207 450
1582724940356 0.4085025489330292 460
1582724940483 0.38848158717155457 470
1582724940610 0.3682192862033844 480
1582724940738 0.3686220645904541 490
1582724940870 0.3770444989204407 500
1582724940999 0.505585789680481 510
1582724941125 0.46826469898223877 520
1582724941253 0.4273556172847748 530
1582724941381 0.427389532327652 540
1582724941509 0.39908063411712646 550
1582724941638 0.8136081099510193 560
1582724941765 0.3671323359012604 570
1582724941893 0.5002075433731079 580
1582724942027 0.47896087169647217 590
1582724942155 0.6372300982475281 600
1582724942283 0.4153941571712494 610
1582724942410 0.3190142512321472 620
1582724942536 0.3213670551776886 630
1582724942660 0.7961366772651672 640
1582724942786 0.32606059312820435 650
1582724942911 0.36929288506507874 660
1582724943036 0.37627938389778137 670
1582724943160 0.3894798159599304 680
1582724943286 0.4260185956954956 690
1582724943415 0.3273336589336395 700
1582724943545 0.6716495156288147 710
1582724943672 0.6208534836769104 720
1582724943800 0.3822520971298218 730
1582724943927 0.27955958247184753 740
1582724944051 0.8791710734367371 750
1582724944175 0.6170710921287537 760
1582724944311 0.4998297095298767 770
1582724944440 0.3898605704307556 780
1582724944569 0.3431364893913269 790
1582724944700 0.27016162872314453 800
1582724944828 0.41188058257102966 810
1582724944957 0.41142767667770386 820
1582724945087 0.4088747501373291 830
1582724945218 0.3189829885959625 840
1582724945347 0.4033346474170685 850
1582724945482 0.33658933639526367 860
1582724945612 0.29497087001800537 870
1582724945742 0.338825523853302 880
1582724945868 0.47745439410209656 890
1582724945993 0.37799420952796936 900
1582724946119 0.3084002733230591 910
1582724946248 0.5735434889793396 920
1582724946375 0.5126016139984131 930
