1582724934478 0 0
1582724934626 0 10
1582724934761 0 20
1582724934896 0 30
1582724935023 0 40
1582724935148 0 50
1582724935277 0 60
1582724935405 0 70
1582724935533 0 80
1582724935660 0 90
1582724935790 0 100
1582724935923 0 110
1582724936053 0 120
1582724936182 0 130
1582724936310 0 140
1582724936438 0 150
1582724936566 0 160
1582724936691 0 170
1582724936820 0 180
1582724936948 0 190
1582724937077 0 200
1582724937202 0 210
1582724937327 0 220
1582724937452 0 230
1582724937576 0 240
1582724937699 0 250
1582724937823 0 260
1582724937946 0 270
1582724938068 0 280
1582724938193 0 290
1582724938318 0 300
1582724938446 0 310
1582724938575 0 320
1582724938704 0 330
1582724938832 0 340
1582724938965 0 350
1582724939093 0 360
1582724939216 0 370
1582724939340 0 380
1582724939465 0 390
1582724939590 0 400
1582724939717 0 410
1582724939843 0 420
1582724939970 0 430
1582724940100 0 440
1582724940229 0 450
1582724940356 0 460
1582724940483 0 470
1582724940610 0 480
1582724940738 0 490
1582724940870 0 500
1582724940999 0 510
1582724941125 0 520
1582724941253 0 530
1582724941381 0 540
1582724941509 0 550
1582724941638 0 560
1582724941765 0 570
1582724941893 0 580
1582724942027 0 590
1582724942155 0 600
1582724942283 0 610
1582724942410 0 620
1582724942536 0 630
1582724942660 0 640
1582724942786 0 650
1582724942911 0 660
1582724943036 0 670
1582724943160 0 680
1582724943286 0 690
1582724943415 0 700
1582724943545 0 710
1582724943672 0 720
1582724943800 0 730
1582724943927 0 740
1582724944051 0 750
1582724944175 0 760
1582724944311 0 770
1582724944440 0 780
1582724944569 0 790
1582724944700 0 800
1582724944828 0 810
1582724944957 0 820
1582724945087 0 830
1582724945218 0 840
1582724945347 0 850
1582724945482 0 860
1582724945612 0 870
1582724945742 0 880
1582724945868 0 890
1582724945993 0 900
1582724946119 0 910
1582724946248 0 920
1582724946375 0 930
