1582724934478 0.6709721684455872 0
1582724934626 0.6154941320419312 10
1582724934761 0.5978594422340393 20
1582724934896 0.5963654518127441 30
1582724935023 0.4955711364746094 40
1582724935148 0.678925096988678 50
1582724935277 0.7052788734436035 60
1582724935405 1.133903980255127 70
1582724935533 0.4783770442008972 80
1582724935660 0.8586176633834839 90
1582724935790 0.9591130614280701 100
1582724935923 0.8778525590896606 110
1582724936053 1.0130033493041992 120
1582724936182 0.7621463537216187 130
1582724936310 0.7500327825546265 140
1582724936438 1.2511200904846191 150
1582724936566 0.9192770719528198 160
1582724936691 0.8946994543075562 170
1582724936820 1.0542187690734863 180
1582724936948 0.752983033657074 190
1582724937077 0.7282423377037048 200
1582724937202 0.7453832626342773 210
1582724937327 0.881995677947998 220
1582724937452 1.0274033546447754 230
1582724937576 0.8641161918640137 240
1582724937699 0.9324256181716919 250
1582724937823 0.5771811008453369 260
1582724937946 1.1474045515060425 270
1582724938068 0.8156384825706482 280
1582724938193 1.1158554553985596 290
1582724938318 0.9996848106384277 300
1582724938446 1.1901506185531616 310
1582724938575 0.4786038398742676 320
1582724938704 0.5741153955459595 330
1582724938832 0.5958731770515442 340
1582724938965 1.199965000152588 350
1582724939093 0.5555492639541626 360
1582724939216 1.500136137008667 370
1582724939340 0.3311249613761902 380
1582724939465 1.2057294845581055 390
1582724939590 0.7837321758270264 400
1582724939717 1.5450056791305542 410
1582724939843 0.7420245409011841 420
1582724939970 0.5080822706222534 430
1582724940100 0.8635877966880798 440
1582724940229 1.077009916305542 450
1582724940356 0.8286321759223938 460
1582724940483 0.9840517640113831 470
1582724940610 1.2271087169647217 480
1582724940738 1.0863323211669922 490
1582724940870 1.3855347633361816 500
1582724940999 0.8046979308128357 510
1582724941125 0.6302956342697144 520
1582724941253 1.2265455722808838 530
1582724941381 0.8676000833511353 540
1582724941509 0.8500818014144897 550
1582724941638 0.25528061389923096 560
1582724941765 1.3466776609420776 570
1582724941893 0.5824853181838989 580
1582724942027 0.6633418798446655 590
1582724942155 0.4465388357639313 600
1582724942283 1.085481882095337 610
1582724942410 1.042107343673706 620
1582724942536 1.759627103805542 630
1582724942660 0.26013675332069397 640
1582724942786 1.1619484424591064 650
1582724942911 0.8029264211654663 660
1582724943036 0.9582513570785522 670
1582724943160 1.4560784101486206 680
1582724943286 0.8429340720176697 690
1582724943415 1.476370096206665 700
1582724943545 0.3884754776954651 710
1582724943672 2.391411542892456 720
1582724943800 0.7856500744819641 730
1582724943927 2.117461681365967 740
1582724944051 0.21189874410629272 750
1582724944175 2.771106719970703 760
1582724944311 0.5634376406669617 770
1582724944440 1.5040535926818848 780
1582724944569 1.1692965030670166 790
1582724944700 1.4976471662521362 800
1582724944828 0.8913118839263916 810
1582724944957 0.677561342716217 820
1582724945087 1.1520940065383911 830
1582724945218 1.070802927017212 840
1582724945347 0.7102879285812378 850
1582724945482 1.3728790283203125 860
1582724945612 1.1719932556152344 870
1582724945742 1.6151859760284424 880
1582724945868 1.453688621520996 890
1582724945993 1.7862848043441772 900
1582724946119 1.5393033027648926 910
1582724946248 0.4438542127609253 920
1582724946375 0.9118804931640625 930
