1582722615006 0.6738213300704956 0
1582722615271 0.3898945748806 10
1582722615397 0.4221309423446655 20
1582722615523 0.48711270093917847 30
1582722615649 0.5371315479278564 40
1582722615776 0.5011179447174072 50
1582722615904 0.5594382286071777 60
1582722616027 0.3935682773590088 70
1582722616152 0.464653879404068 80
1582722616279 0.3602244257926941 90
1582722616414 0.34849828481674194 100
1582722616542 0.49739983677864075 110
1582722616674 0.5182628035545349 120
1582722616804 0.525505006313324 130
1582722616930 0.5371184349060059 140
1582722617063 0.6533952951431274 150
1582722617193 0.6368070840835571 160
1582722617322 0.4837874174118042 170
1582722617449 0.6409087181091309 180
1582722617575 0.5050385594367981 190
1582722617701 0.4994238317012787 200
1582722617828 0.7629352807998657 210
1582722617955 0.4952121376991272 220
1582722618080 0.4126805067062378 230
1582722618207 0.4645933508872986 240
1582722618331 0.512898325920105 250
1582722618457 0.5735692381858826 260
1582722618585 0.4419253170490265 270
1582722618711 0.6249485015869141 280
1582722618835 0.6171916723251343 290
1582722618957 0.6217465400695801 300
1582722619080 0.5455293655395508 310
1582722619203 0.6072424650192261 320
1582722619327 0.5460859537124634 330
1582722619450 0.623775839805603 340
1582722619574 0.5267958045005798 350
1582722619697 0.6082092523574829 360
1582722619818 0.5836564898490906 370
1582722619940 0.5252395868301392 380
1582722620064 0.6663620471954346 390
1582722620184 0.5213708877563477 400
1582722620306 0.5203648805618286 410
1582722620432 0.5547910928726196 420
1582722620558 0.7897292971611023 430
1582722620680 0.5156493782997131 440
1582722620802 0.5328217148780823 450
1582722620923 0.5192341804504395 460
1582722621049 0.5564447641372681 470
1582722621175 0.5356522798538208 480
1582722621300 0.6633994579315186 490
1582722621425 0.537518322467804 500
1582722621549 0.5495181679725647 510
1582722621673 0.7764884829521179 520
1582722621797 0.5581498146057129 530
1582722621922 0.5494457483291626 540
1582722622047 0.5164650678634644 550
1582722622171 0.5036311149597168 560
1582722622299 0.46885156631469727 570
1582722622423 0.7858535051345825 580
1582722622547 0.41902080178260803 590
1582722622672 0.6247373819351196 600
1582722622798 0.703455924987793 610
1582722622922 0.6696558594703674 620
1582722623048 0.6754052042961121 630
1582722623172 0.5850191712379456 640
1582722623298 0.5170348882675171 650
1582722623421 0.4022366404533386 660
1582722623547 0.6126884818077087 670
1582722623670 0.40130722522735596 680
1582722623802 0.3631439805030823 690
1582722623928 0.5584520697593689 700
1582722624051 0.7900865077972412 710
1582722624175 0.479047954082489 720
1582722624299 0.5756190419197083 730
1582722624422 0.4712996482849121 740
1582722624544 0.4504650831222534 750
1582722624667 0.4960921108722687 760
1582722624791 0.4486789405345917 770
1582722624913 0.4970349669456482 780
1582722625037 0.5350393056869507 790
1582722625159 0.4611579179763794 800
1582722625282 0.40269002318382263 810
1582722625405 0.3639640808105469 820
1582722625527 0.3546138405799866 830
1582722625649 0.3409714102745056 840
1582722625770 0.344217449426651 850
1582722625897 0.42566025257110596 860
1582722626022 0.5139321684837341 870
1582722626146 0.5277916789054871 880
1582722626269 0.508407473564148 890
1582722626394 0.557682991027832 900
1582722626522 0.43335941433906555 910
1582722626654 0.41816043853759766 920
1582722626787 0.5101028084754944 930
