1582722615006 0 0
1582722615271 0 10
1582722615397 0 20
1582722615523 0 30
1582722615649 0 40
1582722615776 0 50
1582722615904 0 60
1582722616027 0 70
1582722616152 0 80
1582722616279 0 90
1582722616414 0 100
1582722616542 0 110
1582722616674 0 120
1582722616804 0 130
1582722616930 0 140
1582722617063 0 150
1582722617193 0 160
1582722617322 0 170
1582722617449 0 180
1582722617575 0 190
1582722617701 0 200
1582722617828 0 210
1582722617955 0 220
1582722618080 0 230
1582722618207 0 240
1582722618331 0 250
1582722618457 0 260
1582722618585 0 270
1582722618711 0 280
1582722618835 0 290
1582722618957 0 300
1582722619080 0 310
1582722619203 0 320
1582722619327 0 330
1582722619450 0 340
1582722619574 0 350
1582722619697 0 360
1582722619818 0 370
1582722619940 0 380
1582722620064 0 390
1582722620184 0 400
1582722620306 0 410
1582722620432 0 420
1582722620558 0 430
1582722620680 0 440
1582722620802 0 450
1582722620923 0 460
1582722621049 0 470
1582722621175 0 480
1582722621300 0 490
1582722621425 0 500
1582722621549 0 510
1582722621673 0 520
1582722621797 0 530
1582722621922 0 540
1582722622047 0 550
1582722622171 0 560
1582722622299 0 570
1582722622423 0 580
1582722622547 0 590
1582722622672 0 600
1582722622798 0 610
1582722622922 0 620
1582722623048 0 630
1582722623172 0 640
1582722623298 0 650
1582722623421 0 660
1582722623547 0 670
1582722623670 0 680
1582722623802 0 690
1582722623928 0 700
1582722624051 0 710
1582722624175 0 720
1582722624299 0 730
1582722624422 0 740
1582722624544 0 750
1582722624667 0 760
1582722624791 0 770
1582722624913 0 780
1582722625037 0 790
1582722625159 0 800
1582722625282 0 810
1582722625405 0 820
1582722625527 0 830
1582722625649 0 840
1582722625770 0 850
1582722625897 0 860
1582722626022 0 870
1582722626146 0 880
1582722626269 0 890
1582722626394 0 900
1582722626522 0 910
1582722626654 0 920
1582722626787 0 930
