1582722615006 0.6900647878646851 0
1582722615271 0.6361075043678284 10
1582722615397 0.6067193746566772 20
1582722615523 0.5882294774055481 30
1582722615649 0.6118370890617371 40
1582722615776 0.7080393433570862 50
1582722615904 0.6463247537612915 60
1582722616027 0.9559198617935181 70
1582722616152 0.714021623134613 80
1582722616279 0.9121978282928467 90
1582722616414 0.9303170442581177 100
1582722616542 0.7744139432907104 110
1582722616674 0.8806082010269165 120
1582722616804 0.7926269173622131 130
1582722616930 0.6372689008712769 140
1582722617063 0.5461276173591614 150
1582722617193 0.7156146764755249 160
1582722617322 0.9773889780044556 170
1582722617449 0.7577365636825562 180
1582722617575 0.8863915205001831 190
1582722617701 0.6008508205413818 200
1582722617828 0.32515960931777954 210
1582722617955 0.9422352313995361 220
1582722618080 0.9836684465408325 230
1582722618207 0.814927875995636 240
1582722618331 0.6294316053390503 250
1582722618457 0.4808863699436188 260
1582722618585 0.9849914908409119 270
1582722618711 0.39061233401298523 280
1582722618835 0.9123038053512573 290
1582722618957 0.5120640993118286 300
1582722619080 0.7714168429374695 310
1582722619203 0.7131755948066711 320
1582722619327 0.7690503001213074 330
1582722619450 0.47115129232406616 340
1582722619574 1.1146337985992432 350
1582722619697 0.8704959750175476 360
1582722619818 1.1205501556396484 370
1582722619940 0.7233647108078003 380
1582722620064 0.9269484877586365 390
1582722620184 0.7609809041023254 400
1582722620306 1.023202657699585 410
1582722620432 0.7636553049087524 420
1582722620558 0.27971357107162476 430
1582722620680 0.7590603828430176 440
1582722620802 0.8320552110671997 450
1582722620923 0.7177603840827942 460
1582722621049 0.6475967168807983 470
1582722621175 0.6054847240447998 480
1582722621300 1.3465890884399414 490
1582722621425 0.7473663687705994 500
1582722621549 0.7350243330001831 510
1582722621673 0.28669649362564087 520
1582722621797 0.5599787831306458 530
1582722621922 1.8204264640808105 540
1582722622047 1.319765329360962 550
1582722622171 1.699495553970337 560
1582722622299 0.7518777847290039 570
1582722622423 0.26002418994903564 580
1582722622547 1.155074954032898 590
1582722622672 2.0099050998687744 600
1582722622798 0.33516159653663635 610
1582722622922 1.5945534706115723 620
1582722623048 0.37781763076782227 630
1582722623172 1.2591578960418701 640
1582722623298 0.9116655588150024 650
1582722623421 1.4067943096160889 660
1582722623547 0.5306243896484375 670
1582722623670 0.8657170534133911 680
1582722623802 1.1578574180603027 690
1582722623928 1.0738599300384521 700
1582722624051 0.2908974289894104 710
1582722624175 1.0357489585876465 720
1582722624299 1.1181838512420654 730
1582722624422 0.9436232447624207 740
1582722624544 1.0026882886886597 750
1582722624667 0.6667196750640869 760
1582722624791 2.0997138023376465 770
1582722624913 0.5982474088668823 780
1582722625037 1.7955646514892578 790
1582722625159 0.7813277840614319 800
1582722625282 1.0373749732971191 810
1582722625405 1.1173208951950073 820
1582722625527 1.0331493616104126 830
1582722625649 1.1091358661651611 840
1582722625770 1.8170087337493896 850
1582722625897 0.8186365365982056 860
1582722626022 2.2103843688964844 870
1582722626146 1.040389060974121 880
1582722626269 0.7084933519363403 890
1582722626394 1.5262486934661865 900
1582722626522 0.9184268712997437 910
1582722626654 0.8166145086288452 920
1582722626787 0.6615288257598877 930
