1582721213459 0.698397159576416 0
1582721213803 0.4046739935874939 10
1582721214139 0.4156934320926666 20
1582721214466 0.45583635568618774 30
1582721214787 0.5103021860122681 40
1582721215123 0.5064747333526611 50
1582721215452 0.5100530982017517 60
1582721215795 0.3970606327056885 70
1582721216143 0.4785400629043579 80
1582721216495 0.4426042437553406 90
1582721216831 0.4078267812728882 100
1582721217165 0.4337993562221527 110
1582721217510 0.4195845425128937 120
1582721217832 0.6591867208480835 130
1582721218159 0.6536024808883667 140
1582721218479 0.7364354133605957 150
1582721218791 0.5831915140151978 160
1582721219118 0.5031954646110535 170
1582721219431 0.5819127559661865 180
1582721219835 0.6361348628997803 190
1582721220171 0.5286027193069458 200
1582721220491 0.4916669726371765 210
1582721220816 0.4388010501861572 220
1582721221139 0.6341406106948853 230
1582721221459 0.6061201095581055 240
1582721221775 0.5724781155586243 250
1582721222091 0.4284621775150299 260
1582721222428 0.4416005611419678 270
1582721222741 0.47002118825912476 280
1582721223063 0.4734603762626648 290
1582721223396 0.5151691436767578 300
1582721223707 0.6146501302719116 310
1582721224079 0.5821057558059692 320
1582721224423 0.46748965978622437 330
1582721224791 0.4851575493812561 340
1582721225123 0.5329100489616394 350
1582721225479 0.4349386990070343 360
1582721225820 0.5205171704292297 370
1582721226155 0.39915674924850464 380
1582721226590 0.5434591770172119 390
1582721226915 0.35552093386650085 400
1582721227279 0.44366592168807983 410
1582721227626 0.4942120313644409 420
1582721227959 0.6077616810798645 430
1582721228329 0.4745502769947052 440
1582721228649 0.5251322984695435 450
1582721228959 0.5305061340332031 460
1582721229281 0.5668056011199951 470
1582721229603 0.5062808990478516 480
1582721229919 0.5426230430603027 490
1582721230251 0.6868253946304321 500
1582721230575 0.6709887981414795 510
1582721230901 0.4178563356399536 520
1582721231223 0.41076964139938354 530
1582721231559 0.6271202564239502 540
1582721231881 0.450135201215744 550
1582721232207 0.48805955052375793 560
1582721232523 0.6175761222839355 570
1582721232843 0.4137353003025055 580
1582721233175 0.4096902012825012 590
1582721233522 0.5067646503448486 600
1582721233839 0.4468674063682556 610
1582721234179 0.41425859928131104 620
1582721234518 0.352152556180954 630
1582721234837 0.4473075866699219 640
1582721235141 0.25312525033950806 650
1582721235475 0.30297547578811646 660
1582721235807 0.4046919047832489 670
1582721236127 0.27758562564849854 680
1582721236443 0.5038536190986633 690
1582721236758 0.36529940366744995 700
1582721237095 0.46081647276878357 710
1582721237423 0.39205288887023926 720
1582721237743 0.293387234210968 730
1582721238051 0.40947800874710083 740
1582721238373 0.4633423686027527 750
1582721238715 0.48814693093299866 760
1582721239052 0.3911531865596771 770
1582721239374 0.35458052158355713 780
1582721239703 0.37485599517822266 790
1582721240059 0.6728100180625916 800
1582721240391 0.4468337893486023 810
1582721240711 0.45807915925979614 820
1582721241023 0.3791291415691376 830
1582721241352 0.4047732651233673 840
1582721241671 0.47293931245803833 850
1582721241991 0.4587283730506897 860
1582721242311 0.48955702781677246 870
1582721242671 0.4531850814819336 880
1582721242998 0.6761885285377502 890
1582721243323 0.41365131735801697 900
1582721243648 0.4090106785297394 910
1582721243975 0.6118669509887695 920
1582721244289 0.585778534412384 930
