1582721213459 0 0
1582721213803 0 10
1582721214139 0 20
1582721214466 0 30
1582721214787 0 40
1582721215123 0 50
1582721215452 0 60
1582721215795 0 70
1582721216143 0 80
1582721216495 0 90
1582721216831 0 100
1582721217165 0 110
1582721217510 0 120
1582721217832 0 130
1582721218159 0 140
1582721218479 0 150
1582721218791 0 160
1582721219118 0 170
1582721219431 0 180
1582721219835 0 190
1582721220171 0 200
1582721220491 0 210
1582721220816 0 220
1582721221139 0 230
1582721221459 0 240
1582721221775 0 250
1582721222091 0 260
1582721222428 0 270
1582721222741 0 280
1582721223063 0 290
1582721223396 0 300
1582721223707 0 310
1582721224079 0 320
1582721224423 0 330
1582721224791 0 340
1582721225123 0 350
1582721225479 0 360
1582721225820 0 370
1582721226155 0 380
1582721226590 0 390
1582721226915 0 400
1582721227279 0 410
1582721227626 0 420
1582721227959 0 430
1582721228329 0 440
1582721228649 0 450
1582721228959 0 460
1582721229281 0 470
1582721229603 0 480
1582721229919 0 490
1582721230251 0 500
1582721230575 0 510
1582721230901 0 520
1582721231223 0 530
1582721231559 0 540
1582721231881 0 550
1582721232207 0 560
1582721232523 0 570
1582721232843 0 580
1582721233175 0 590
1582721233522 0 600
1582721233839 0 610
1582721234179 0 620
1582721234518 0 630
1582721234837 0 640
1582721235141 0 650
1582721235475 0 660
1582721235807 0 670
1582721236127 0 680
1582721236443 0 690
1582721236758 0 700
1582721237095 0 710
1582721237423 0 720
1582721237743 0 730
1582721238051 0 740
1582721238373 0 750
1582721238715 0 760
1582721239052 0 770
1582721239374 0 780
1582721239703 0 790
1582721240059 0 800
1582721240391 0 810
1582721240711 0 820
1582721241023 0 830
1582721241352 0 840
1582721241671 0 850
1582721241991 0 860
1582721242311 0 870
1582721242671 0 880
1582721242998 0 890
1582721243323 0 900
1582721243648 0 910
1582721243975 0 920
1582721244289 0 930
