1582721213459 0.6666301488876343 0
1582721213803 0.6078878045082092 10
1582721214139 0.6123557686805725 20
1582721214466 0.6070308089256287 30
1582721214787 0.5961843132972717 40
1582721215123 0.8122276663780212 50
1582721215452 0.9204381108283997 60
1582721215795 0.9155255556106567 70
1582721216143 0.9889844059944153 80
1582721216495 0.9009705185890198 90
1582721216831 0.8686836361885071 100
1582721217165 0.8733279705047607 110
1582721217510 0.9163608551025391 120
1582721217832 0.4568597972393036 130
1582721218159 0.5988415479660034 140
1582721218479 0.48426488041877747 150
1582721218791 0.8749228119850159 160
1582721219118 0.7574152946472168 170
1582721219431 0.8853955864906311 180
1582721219835 0.7328510880470276 190
1582721220171 0.8139072060585022 200
1582721220491 0.8476926684379578 210
1582721220816 0.8875033855438232 220
1582721221139 1.4853801727294922 230
1582721221459 1.4570512771606445 240
1582721221775 0.6788120269775391 250
1582721222091 0.9227834939956665 260
1582721222428 1.4126453399658203 270
1582721222741 1.021972417831421 280
1582721223063 0.926108717918396 290
1582721223396 0.7100636959075928 300
1582721223707 0.47860807180404663 310
1582721224079 0.6261186003684998 320
1582721224423 0.8995988368988037 330
1582721224791 0.7778478860855103 340
1582721225123 1.171157956123352 350
1582721225479 0.8875151872634888 360
1582721225820 0.6184325218200684 370
1582721226155 0.840827465057373 380
1582721226590 0.5137110352516174 390
1582721226915 1.3184659481048584 400
1582721227279 0.78372722864151 410
1582721227626 1.1472100019454956 420
1582721227959 0.48672235012054443 430
1582721228329 0.731946587562561 440
1582721228649 0.6007814407348633 450
1582721228959 0.7698294520378113 460
1582721229281 0.5381398797035217 470
1582721229603 0.6555836200714111 480
1582721229919 1.3868839740753174 490
1582721230251 0.43330618739128113 500
1582721230575 1.3446158170700073 510
1582721230901 1.2262122631072998 520
1582721231223 0.8460254073143005 530
1582721231559 0.4054315686225891 540
1582721231881 1.722244143486023 550
1582721232207 1.4746085405349731 560
1582721232523 2.047940492630005 570
1582721232843 1.103234052658081 580
1582721233175 0.9996479749679565 590
1582721233522 2.0176730155944824 600
1582721233839 0.7458204030990601 610
1582721234179 1.0891817808151245 620
1582721234518 1.4039515256881714 630
1582721234837 2.5260095596313477 640
1582721235141 1.5109494924545288 650
1582721235475 1.376509428024292 660
1582721235807 0.844467282295227 670
1582721236127 1.222697377204895 680
1582721236443 0.5297297239303589 690
1582721236758 1.531221866607666 700
1582721237095 1.3502171039581299 710
1582721237423 0.871443510055542 720
1582721237743 1.340814232826233 730
1582721238051 2.008326768875122 740
1582721238373 0.9933152794837952 750
1582721238715 0.7071061134338379 760
1582721239052 1.1731377840042114 770
1582721239374 1.1438930034637451 780
1582721239703 1.0833353996276855 790
1582721240059 2.9450221061706543 800
1582721240391 1.5619800090789795 810
1582721240711 0.7403457164764404 820
1582721241023 0.9920386075973511 830
1582721241352 0.7497538328170776 840
1582721241671 1.0979735851287842 850
1582721241991 0.8321221470832825 860
1582721242311 0.9281483292579651 870
1582721242671 1.2926989793777466 880
1582721242998 1.4800961017608643 890
1582721243323 1.1549561023712158 900
1582721243648 0.9955167174339294 910
1582721243975 0.43675661087036133 920
1582721244289 0.6506696939468384 930
