1582725314836 0.6993938684463501 0
1582725314987 0.40402060747146606 10
1582725315113 0.42069944739341736 20
1582725315239 0.47455376386642456 30
1582725315366 0.5235342383384705 40
1582725315492 0.6046119928359985 50
1582725315618 0.5546140074729919 60
1582725315744 0.3872809410095215 70
1582725315867 0.45796918869018555 80
1582725315993 0.3822888433933258 90
1582725316119 0.46621960401535034 100
1582725316244 0.4768604636192322 110
1582725316371 0.5557899475097656 120
1582725316499 0.5886703133583069 130
1582725316625 0.7519305944442749 140
1582725316753 0.5888814926147461 150
1582725316878 0.49904665350914 160
1582725317003 0.6368574500083923 170
1582725317131 0.7249195575714111 180
1582725317256 0.5348451137542725 190
1582725317380 0.4648723304271698 200
1582725317504 0.6594328880310059 210
1582725317626 0.4040409326553345 220
1582725317748 0.4962194859981537 230
1582725317877 0.43365535140037537 240
1582725318004 0.41589099168777466 250
1582725318129 0.41920167207717896 260
1582725318253 0.3937090039253235 270
1582725318377 0.48103371262550354 280
1582725318503 0.5640815496444702 290
1582725318631 0.5636160373687744 300
1582725318759 0.6920984983444214 310
1582725318883 0.6234224438667297 320
1582725319007 0.5950618982315063 330
1582725319136 0.645326554775238 340
1582725319260 0.5677312612533569 350
1582725319384 0.5276763439178467 360
1582725319508 0.5571763515472412 370
1582725319634 0.5835722088813782 380
1582725319758 0.5088939666748047 390
1582725319883 0.5892667770385742 400
1582725320013 0.6062570810317993 410
1582725320140 0.5606138706207275 420
1582725320266 0.6009796857833862 430
1582725320392 0.450697124004364 440
1582725320520 0.458224356174469 450
1582725320645 0.40103667974472046 460
1582725320779 0.37141069769859314 470
1582725320904 0.38338881731033325 480
1582725321029 0.3876451253890991 490
1582725321153 0.4546636641025543 500
1582725321280 0.7042765617370605 510
1582725321406 0.4919295907020569 520
1582725321534 0.5240728855133057 530
1582725321662 0.47313612699508667 540
1582725321789 0.5450971722602844 550
1582725321913 0.5960813760757446 560
1582725322039 0.6935247182846069 570
1582725322162 0.3670630156993866 580
1582725322288 0.45219534635543823 590
1582725322416 0.8893935084342957 600
1582725322541 0.45616239309310913 610
1582725322670 0.46598806977272034 620
1582725322795 0.4437970221042633 630
1582725322921 0.4756140410900116 640
1582725323047 0.5092894434928894 650
1582725323172 0.44539499282836914 660
1582725323296 0.4717482328414917 670
1582725323423 0.3813926577568054 680
1582725323547 0.4596102833747864 690
1582725323672 0.32783567905426025 700
1582725323796 0.6941223740577698 710
1582725323922 0.834574282169342 720
1582725324050 0.5261560082435608 730
1582725324178 0.5409899353981018 740
1582725324307 0.42756593227386475 750
1582725324439 0.504149317741394 760
1582725324565 0.3817346394062042 770
1582725324691 0.476567804813385 780
1582725324817 0.409432053565979 790
1582725324941 0.3792530298233032 800
1582725325067 0.4530140459537506 810
1582725325191 0.8674319982528687 820
1582725325318 0.5416874289512634 830
1582725325444 0.3670080006122589 840
1582725325568 0.28258445858955383 850
1582725325693 0.42687737941741943 860
1582725325819 0.38457828760147095 870
1582725325944 0.40978002548217773 880
1582725326072 0.39294904470443726 890
1582725326198 0.32217615842819214 900
1582725326323 0.6019383072853088 910
1582725326449 0.500938355922699 920
1582725326573 0.5645344257354736 930
