1582725314836 0 0
1582725314987 0 10
1582725315113 0 20
1582725315239 0 30
1582725315366 0 40
1582725315492 0 50
1582725315618 0 60
1582725315744 0 70
1582725315867 0 80
1582725315993 0 90
1582725316119 0 100
1582725316244 0 110
1582725316371 0 120
1582725316499 0 130
1582725316625 0 140
1582725316753 0 150
1582725316878 0 160
1582725317003 0 170
1582725317131 0 180
1582725317256 0 190
1582725317380 0 200
1582725317504 0 210
1582725317626 0 220
1582725317748 0 230
1582725317877 0 240
1582725318004 0 250
1582725318129 0 260
1582725318253 0 270
1582725318377 0 280
1582725318503 0 290
1582725318631 0 300
1582725318759 0 310
1582725318883 0 320
1582725319007 0 330
1582725319136 0 340
1582725319260 0 350
1582725319384 0 360
1582725319508 0 370
1582725319634 0 380
1582725319758 0 390
1582725319883 0 400
1582725320013 0 410
1582725320140 0 420
1582725320266 0 430
1582725320392 0 440
1582725320520 0 450
1582725320645 0 460
1582725320779 0 470
1582725320904 0 480
1582725321029 0 490
1582725321153 0 500
1582725321280 0 510
1582725321406 0 520
1582725321534 0 530
1582725321662 0 540
1582725321789 0 550
1582725321913 0 560
1582725322039 0 570
1582725322162 0 580
1582725322288 0 590
1582725322416 0 600
1582725322541 0 610
1582725322670 0 620
1582725322795 0 630
1582725322921 0 640
1582725323047 0 650
1582725323172 0 660
1582725323296 0 670
1582725323423 0 680
1582725323547 0 690
1582725323672 0 700
1582725323796 0 710
1582725323922 0 720
1582725324050 0 730
1582725324178 0 740
1582725324307 0 750
1582725324439 0 760
1582725324565 0 770
1582725324691 0 780
1582725324817 0 790
1582725324941 0 800
1582725325067 0 810
1582725325191 0 820
1582725325318 0 830
1582725325444 0 840
1582725325568 0 850
1582725325693 0 860
1582725325819 0 870
1582725325944 0 880
1582725326072 0 890
1582725326198 0 900
1582725326323 0 910
1582725326449 0 920
1582725326573 0 930
