1582725314836 0.6782243251800537 0
1582725314987 0.6115595102310181 10
1582725315113 0.6134949922561646 20
1582725315239 0.6150566935539246 30
1582725315366 0.5432218909263611 40
1582725315492 0.4821207523345947 50
1582725315618 0.5120161175727844 60
1582725315744 0.7830036878585815 70
1582725315867 0.7140380144119263 80
1582725315993 0.8929044008255005 90
1582725316119 0.7813257575035095 100
1582725316244 0.9108149409294128 110
1582725316371 0.6640721559524536 120
1582725316499 0.7216850519180298 130
1582725316625 0.6062002778053284 140
1582725316753 0.8100298047065735 150
1582725316878 1.0800594091415405 160
1582725317003 1.069281816482544 170
1582725317131 0.6316479444503784 180
1582725317256 0.9412368535995483 190
1582725317380 1.1128323078155518 200
1582725317504 0.5493079423904419 210
1582725317626 1.1266860961914062 220
1582725317748 0.7928919792175293 230
1582725317877 0.8073724508285522 240
1582725318004 0.9957926273345947 250
1582725318129 1.0340380668640137 260
1582725318253 0.8548874855041504 270
1582725318377 1.0506517887115479 280
1582725318503 0.6700195074081421 290
1582725318631 0.7056114673614502 300
1582725318759 0.41710174083709717 310
1582725318883 0.44619596004486084 320
1582725319007 1.273982286453247 330
1582725319136 0.5676196813583374 340
1582725319260 0.8580892086029053 350
1582725319384 1.0437605381011963 360
1582725319508 0.8550769686698914 370
1582725319634 0.6323271989822388 380
1582725319758 0.7890123128890991 390
1582725319883 1.2436037063598633 400
1582725320013 0.4471540153026581 410
1582725320140 1.4217275381088257 420
1582725320266 0.44107356667518616 430
1582725320392 1.5150740146636963 440
1582725320520 0.668126106262207 450
1582725320645 0.9288284778594971 460
1582725320779 1.1860864162445068 470
1582725320904 0.8379602432250977 480
1582725321029 1.1386805772781372 490
1582725321153 1.0525286197662354 500
1582725321280 1.6482959985733032 510
1582725321406 1.51085364818573 520
1582725321534 0.5997922420501709 530
1582725321662 0.7682368755340576 540
1582725321789 0.6098575592041016 550
1582725321913 1.852285623550415 560
1582725322039 1.825950026512146 570
1582725322162 1.0587338209152222 580
1582725322288 0.9953231811523438 590
1582725322416 0.23307496309280396 600
1582725322541 0.6700787544250488 610
1582725322670 1.5706148147583008 620
1582725322795 0.8851468563079834 630
1582725322921 0.8736766576766968 640
1582725323047 1.4204530715942383 650
1582725323172 0.7410836219787598 660
1582725323296 0.7850587368011475 670
1582725323423 0.944902777671814 680
1582725323547 0.6190714836120605 690
1582725323672 1.229184627532959 700
1582725323796 0.39195647835731506 710
1582725323922 0.25782477855682373 720
1582725324050 1.6457796096801758 730
1582725324178 1.6734371185302734 740
1582725324307 1.6681220531463623 750
1582725324439 0.6589629650115967 760
1582725324565 1.2034544944763184 770
1582725324691 1.9914551973342896 780
1582725324817 1.0281732082366943 790
1582725324941 0.7915849685668945 800
1582725325067 2.415029525756836 810
1582725325191 0.22230008244514465 820
1582725325318 0.5814790725708008 830
1582725325444 1.471750020980835 840
1582725325568 1.3204604387283325 850
1582725325693 0.7928472757339478 860
1582725325819 1.7215814590454102 870
1582725325944 0.8428833484649658 880
1582725326072 1.1375898122787476 890
1582725326198 1.4292858839035034 900
1582725326323 2.0450825691223145 910
1582725326449 0.5823826789855957 920
1582725326573 0.6089531779289246 930
